 1010.0    153    2.4   -2.4     71   3.19    225     10  274.8  283.7  275.3
 1000.0    225    1.6   -4.4     64   2.77    220     12  274.8  282.6  275.2
  993.0    281    1.2   -4.2     67   2.83    215     17  274.9  282.9  275.4
  973.0    445    0.0   -3.7     76   3.00    230     28  275.3  283.7  275.8
  966.0    503    1.1   -2.6     76   3.28    235     31  277.0  286.2  277.5
  964.0    520    1.4   -2.3     76   3.36    236     31  277.4  286.9  278.0
  944.0    689    1.7   -3.8     67   3.07    245     29  279.4  288.2  279.9
  939.0    732    1.8   -4.2     64   3.00    244     29  279.9  288.5  280.4
  925.0    853    2.0   -6.0     55   2.65    240     29  281.4  289.1  281.8
  912.0    967    2.0   -9.0     44   2.13    240     29  282.5  288.8  282.9
  885.0   1210    3.4  -13.9     27   1.48    240     29  286.4  291.0  286.7
  878.0   1275    3.8  -15.2     24   1.34    242     29  287.4  291.6  287.7
  850.0   1537    2.6  -15.4     25   1.36    250     29  288.9  293.1  289.1
  808.0   1945    0.8  -20.2     19   0.96    268     22  291.2  294.2  291.3
  804.0   1985    0.5  -19.8     20   1.00    270     21  291.3  294.5  291.5
  768.0   2350   -1.9  -15.9     33   1.45    273     23  292.5  297.1  292.8
  700.0   3078   -8.5  -17.5     48   1.39    280     25  293.0  297.4  293.3
  696.0   3122   -8.9  -17.9     48   1.35    278     25  293.1  297.4  293.3
  689.0   3201   -9.2  -17.4     51   1.42    275     23  293.6  298.1  293.8
  678.0   3325   -9.7  -16.7     57   1.54    288     22  294.4  299.2  294.7
  668.0   3440   -9.5  -16.5     57   1.58    299     21  295.9  300.9  296.1
  655.0   3591   -9.9  -19.6     45   1.24    315     19  297.1  301.1  297.3
  626.0   3940  -10.9  -26.9     26   0.68    309     19  299.8  302.1  299.9
  608.0   4164  -12.4  -27.6     27   0.66    305     19  300.5  302.8  300.7
  605.0   4202  -12.7  -27.7     27   0.65    312     17  300.7  302.9  300.8
  602.0   4240  -12.7  -29.7     23   0.55    320     16  301.0  302.9  301.1
  575.0   4589  -13.1  -47.9      4   0.09      0     27  304.6  304.9  304.6
  563.0   4750  -13.3  -56.3      1   0.03    358     30  306.2  306.3  306.2
  551.0   4912  -14.7  -56.8      1   0.03    355     33  306.5  306.6  306.5
  529.0   5217  -17.3  -57.7      2   0.03    340     31  306.9  307.0  306.9
  500.0   5640  -20.9  -58.9      2   0.03    350     23  307.5  307.6  307.5
  498.0   5669  -21.1  -58.6      2   0.03    350     23  307.5  307.7  307.6
  480.0   5938  -23.4  -55.6      4   0.04      5     23  308.0  308.1  308.0
  460.0   6249  -26.1  -52.2      7   0.07    345     27  308.4  308.7  308.4
  447.0   6458  -27.9  -49.9     10   0.09    343     30  308.7  309.0  308.7
  436.0   6637  -28.9  -49.9     11   0.09    341     33  309.6  310.0  309.6
  426.0   6803  -29.7  -36.7     51   0.39    340     36  310.7  312.1  310.7
  400.0   7250  -32.7  -37.7     61   0.37    335     43  312.4  313.8  312.5
  396.0   7321  -32.9  -37.9     61   0.37    335     44  313.1  314.4  313.1
  394.0   7355  -33.2  -38.2     61   0.36    335     45  313.1  314.5  313.2
  368.0   7820  -37.0  -42.5     56   0.25    350     37  314.3  315.2  314.3
  300.0   9210  -48.3  -55.3     44   0.07    345     58  317.2  317.5  317.2
  250.0  10380  -58.7  -64.7     46   0.03    345     72  318.7  318.8  318.7
  245.0  10506  -60.1  -66.1     45   0.02    345     74  318.4  318.5  318.4
  223.0  11078  -63.9  -69.9     44   0.01    345     85  321.3  321.3  321.3
  200.0  11740  -68.3  -74.3     42   0.01    340     74  324.4  324.5  324.4
  199.0  11770  -68.5  -74.5     42   0.01    340     72  324.6  324.6  324.6
  179.0  12400  -73.1  -79.1     40   0.00    335     96  327.1  327.1  327.1
  178.0  12434  -73.0  -79.0     40   0.00    335     97  327.8  327.8  327.8
  168.0  12775  -71.7  -77.7     40   0.01    340     86  335.4  335.4  335.4
  151.0  13401  -75.3  -81.3     39   0.00    350     66  339.6  339.6  339.6
  150.0  13440  -75.5  -81.5     39   0.00    350     66  339.9  339.9  339.9
  144.0  13676  -76.7  -82.7     38   0.00    340     56  341.8  341.8  341.8
  140.0  13839  -75.0  -81.0     39   0.00    330     60  347.5  347.5  347.5
  137.0  13965  -73.7  -79.7     40   0.01    333     57  351.9  352.0  351.9
  134.0  14096  -69.3  -77.3     30   0.01    336     54  362.0  362.0  362.0
  130.0  14275  -70.0  -79.5     24   0.01    340     51  364.0  364.0  364.0
  119.0  14800  -71.9  -85.9     11   0.00    334     54  369.7  369.7  369.7
  113.0  15106  -71.4  -86.9      8   0.00    330     56  376.1  376.1  376.1
  100.0  15830  -70.3  -89.3      5   0.00    345     54  391.6  391.6  391.6
   89.9  16459  -73.3  -92.3      4   0.00    343     50  397.8  397.8  397.8
   83.6  16886  -72.3  -91.3      4   0.00    341     47  408.1  408.1  408.1
   79.0  17216  -73.9  -92.2      5   0.00    340     45  411.6  411.6  411.6
   71.3  17814  -76.7  -93.7      5   0.00    335     52  417.8  417.8  417.8
   70.0  17920  -76.5  -93.5      5   0.00    335     58  420.4  420.4  420.4
   69.0  18002  -76.6  -93.6      5   0.00    330     62  421.9  421.9  421.9
   51.0  19727  -79.3  -95.4      6   0.00    345     58  453.6  453.6  453.6
   50.0  19840  -79.5  -95.5      6   0.00    340     58  455.8  455.8  455.8
   49.1  19943  -79.9  -94.9      7   0.00    340     60  457.2  457.2  457.2
   47.0  20191  -80.0  -95.0      7   0.00    340     64  462.8  462.8  462.8
   44.0  20564  -80.1  -95.1      7   0.00    330     62  471.3  471.3  471.3
   41.0  20964  -80.2  -95.2      7   0.00    330     52  480.6  480.7  480.6
   38.1  21379  -80.3  -95.3      7   0.00    332     52  490.5  490.5  490.5
   36.4  21639  -78.7  -94.7      6   0.00    333     52  501.1  501.1  501.1
   34.0  22026  -79.6  -95.6      6   0.00    335     52  508.6  508.6  508.6
   32.7  22248  -80.1  -96.1      6   0.00    329     54  513.0  513.0  513.0
   30.0  22740  -76.9  -93.9      5   0.00    315     56  534.5  534.5  534.5
   29.5  22837  -75.9  -92.9      6   0.00    317     57  539.8  539.8  539.8
   29.0  22936  -76.0  -93.2      5   0.00    320     58  542.3  542.3  542.3
   27.4  23263  -76.1  -94.1      5   0.00    328     54  550.7  550.7  550.7
   27.0  23349  -75.6  -94.0      4   0.00    330     52  554.4  554.5  554.4
   26.0  23569  -74.3  -93.7      4   0.00    310     56  564.1  564.1  564.1
   24.5  23915  -72.3  -93.3      3   0.00    310     56  579.6  579.6  579.6
   24.2  23988  -73.1  -94.1      3   0.00    310     56  579.3  579.3  579.3
   22.0  24549  -72.2  -95.7      2   0.00    310     56  598.0  598.0  598.0
   21.0  24823  -71.8  -96.5      1   0.00    295     49  607.3  607.3  607.3
   20.0  25110  -71.3  -97.3      1   0.00    300     51  617.2  617.2  617.2
   18.8  25476  -71.1  -99.1      1   0.00    291     49  628.9  628.9  628.9
   18.0  25737  -69.4  -98.0      1   0.00    285     49  642.0  642.0  642.0
   16.1  26407  -65.1  -95.1      1   0.00    285     50  676.9  676.9  676.9
   16.0  26444  -65.2  -95.1      1   0.00    285     51  677.9  677.9  677.9
   15.0  26836  -65.8  -95.4      1   0.00    265     49  688.2  688.3  688.2
   14.0  27255  -66.5  -95.6      1   0.00    280     41  699.5  699.6  699.5
   13.8  27342  -66.7  -95.7      1   0.00    278     44  701.9  701.9  701.9
   13.2  27613  -62.9  -92.9      1   0.01    272     56  724.0  724.0  724.0
   12.0  28204  -59.7  -90.7      1   0.01    260     80  755.3  755.4  755.3
   11.7  28362  -60.7  -91.7      1   0.01    259     79  757.2  757.3  757.2
   10.9  28808  -55.9  -87.9      1   0.02    255     76  790.1  790.3  790.1
   10.0  29360  -52.7  -85.7      1   0.03    250     72  821.8  822.1  821.8
    9.0  30049  -48.8  -83.2      1   0.04    255     87  861.9  862.5  861.9
    8.9  30122  -48.4  -82.9      1   0.05    255     87  866.2  866.9  866.3
    8.6  30346  -47.1  -82.1      1   0.06                879.7  880.5  879.8
